1 1 1 1 1 1 1 1 1 4 1 1 1 1 1 1 1 1 1 1
1 4 4 4 4 4 4 4 4 4 4 4 4 4 4 4 4 4 4 1
1 4 4 4 4 4 4 4 4 4 4 4 4 4 4 4 4 4 4 1
1 1 1 1 1 1 1 1 1 4 1 1 1 1 1 1 1 1 1 1
1 4 6 4 4 4 4 4 4 4 4 4 4 4 4 4 4 4 6 1
1 6 4 4 4 4 4 4 4 4 4 4 4 4 4 4 4 6 4 1
1 1 1 1 1 1 1 1 1 4 1 1 1 1 1 1 1 1 1 1
1 6 4 4 4 4 4 4 4 4 4 4 4 4 4 4 4 6 4 1
1 4 6 4 4 4 4 4 4 4 4 4 4 4 4 4 4 4 6 1
1 1 1 1 1 1 1 1 1 4 1 1 1 1 1 1 1 1 1 1
1 4 6 4 4 4 4 4 4 4 4 4 4 4 4 4 4 4 6 1
1 6 4 4 4 4 4 4 4 4 4 4 4 4 4 4 4 6 4 1
1 4 6 4 4 4 4 4 4 4 4 4 4 4 4 4 4 4 6 1
1 6 4 4 4 4 4 4 4 4 4 4 4 4 4 4 4 6 4 1
1 1 1 1 1 1 1 1 1 4 1 1 1 1 1 1 1 1 1 1
1 4 6 4 4 4 4 4 4 4 4 4 4 4 4 4 4 4 6 1
1 6 4 4 4 4 4 4 4 4 4 4 4 4 4 4 4 6 4 1
1 1 1 1 1 1 1 1 1 4 1 1 1 1 1 1 1 1 1 1
1 7 4 4 4 4 4 4 4 4 4 4 4 4 4 4 4 4 9 1
1 1 1 1 1 1 1 1 1 1 1 1 1 1 1 1 1 1 1 1

