10 10 10 10 10 10 10 10 10 10 10 10 10 10 10 10 10 10 10 10
10 11 11 10 10 10 11 13 11 11 11 11 11 11 10 10 10 10 10 10
10 11 11 11 11 11 11 11 11 11 20 11 11 11 11 11 10 10 10 10
10 11 13 11 11 11 11 11 11 11 11 11 11 13 11 11 11 10 10 10
10 11 11 11 11 11 11 11 11 11 11 11 11 11 11 11 11 10 10 10
10 11 10 11 11 11 11 11 11 11 11 11 11 11 11 11 11 10 10 10
10 11 10 11 11 11 11 13 11 11 11 11 11 11 11 11 11 10 10 10
10 11 10 11 11 11 11 11 11 11 11 11 11 11 11 20 11 10 10 10
10 11 10 11 11 11 11 11 11 11 11 11 11 11 11 11 11 10 10 10
10 11 10 11 13 11 11 11 11 11 11 11 11 11 11 11 11 10 10 10
10 11 10 11 11 11 11 11 11 11 11 11 11 11 11 13 11 10 10 10
10 11 10 10 11 20 11 11 11 11 11 11 11 11 11 11 10 10 10 10
10 11 10 10 10 11 11 11 11 11 11 11 11 11 11 10 10 10 10 10
10 11 10 10 10 10 11 11 11 11 11 11 11 11 10 10 10 10 10 10
10 11 10 10 10 10 10 10 13 11 11 10 10 10 10 10 10 10 10 10
10 11 11 11 11 11 12 10 10 10 11 10 10 10 10 10 10 10 10 10
10 11 10 10 10 10 10 10 10 10 11 10 10 10 10 10 10 10 10 10
10 11 11 11 11 11 11 11 11 11 11 11 20 11 11 13 11 13 10 10
10 11 11 11 11 11 11 11 11 11 11 11 21 11 13 11 13 11 10 10
10 10 10 10 10 10 10 10 10 10 10 10 10 10 10 10 10 10 10 10
